% -------------------------------------------------------------------
%  Generated by MATLAB on 3-May-2021 01:34:08
%  MATLAB version: 9.6.0.1072779 (R2019a)
% -------------------------------------------------------------------
                                 

NAV = struct;
NAV(1).satid = 'G10 ';
NAV(1).satprn = 10;
NAV(1).Toc = [2019; 11; 12; 8; 0; 0];
NAV(1).a0 = -0.0001313518732786;
NAV(1).a1 = -1.489297574153E-11;
NAV(1).a2 = 0;
NAV(1).aode = 67;
NAV(1).crs = 16.4375;
NAV(1).ave_n = 4.841987402496E-9;
NAV(1).M0 = -1.069192530858;
NAV(2).satid = 'G12 ';
NAV(2).satprn = 12;
NAV(2).Toc = [2019; 11; 12; 8; 0; 0];
NAV(2).a0 = 0.0001843795180321;
NAV(2).a1 = -3.979039320257E-12;
NAV(2).a2 = 0;
NAV(2).aode = 28;
NAV(2).crs = 28.6875;
NAV(2).ave_n = 4.583405202938E-9;
NAV(2).M0 = -0.3568995203776;
NAV(3).satid = 'G15 ';
NAV(3).satprn = 15;
NAV(3).Toc = [2019; 11; 12; 8; 0; 0];
NAV(3).a0 = -0.0002732397988439;
NAV(3).a1 = 2.728484105319E-12;
NAV(3).a2 = 0;
NAV(3).aode = 103;
NAV(3).crs = -48.28125;
NAV(3).ave_n = 5.327364763269E-9;
NAV(3).M0 = 2.207838629204;
NAV(4).satid = 'G24 ';
NAV(4).satprn = 24;
NAV(4).Toc = [2019; 11; 12; 8; 0; 0];
NAV(4).a0 = -4.765577614307E-6;
NAV(4).a1 = -4.547473508865E-13;
NAV(4).a2 = 0;
NAV(4).aode = 48;
NAV(4).crs = 101.34375;
NAV(4).ave_n = 4.657694011651E-9;
NAV(4).M0 = 1.175902331086;
NAV(5).satid = 'G31 ';
NAV(5).satprn = 31;
NAV(5).Toc = [2019; 11; 12; 7; 59; 44];
NAV(5).a0 = -2.642162144184E-6;
NAV(5).a1 = -2.501110429876E-12;
NAV(5).a2 = 0;
NAV(5).aode = 28;
NAV(5).crs = 97;
NAV(5).ave_n = 4.281606917543E-9;
NAV(5).M0 = -0.07839141617428;
NAV(6).satid = 'G10 ';
NAV(6).satprn = 10;
NAV(6).Toc = [2019; 11; 12; 10; 0; 0];
NAV(6).a0 = -0.0001314589753747;
NAV(6).a1 = -1.489297574153E-11;
NAV(6).a2 = 0;
NAV(6).aode = 68;
NAV(6).crs = 17.15625;
NAV(6).ave_n = 4.986279127112E-9;
NAV(6).M0 = -0.01902131729707;
NAV(7).satid = 'G12 ';
NAV(7).satprn = 12;
NAV(7).Toc = [2019; 11; 12; 10; 0; 0];
NAV(7).a0 = 0.0001843511126935;
NAV(7).a1 = -3.979039320257E-12;
NAV(7).a2 = 0;
NAV(7).aode = 29;
NAV(7).crs = 30.25;
NAV(7).ave_n = 4.468400412527E-9;
NAV(7).M0 = 0.6933654501398;
NAV(8).satid = 'G15 ';
NAV(8).satprn = 15;
NAV(8).Toc = [2019; 11; 12; 10; 0; 0];
NAV(8).a0 = -0.0002732207067311;
NAV(8).a1 = 2.728484105319E-12;
NAV(8).a2 = 0;
NAV(8).aode = 104;
NAV(8).crs = -45.90625;
NAV(8).ave_n = 5.301292248672E-9;
NAV(8).M0 = -3.025095278949;
NAV(9).satid = 'G24 ';
NAV(9).satprn = 24;
NAV(9).Toc = [2019; 11; 12; 10; 0; 0];
NAV(9).a0 = -4.769302904606E-6;
NAV(9).a1 = -4.547473508865E-13;
NAV(9).a2 = 0;
NAV(9).aode = 49;
NAV(9).crs = 112.3125;
NAV(9).ave_n = 4.630907181586E-9;
NAV(9).M0 = 2.226237684055;
NAV(10).satid = 'G31 ';
NAV(10).satprn = 31;
NAV(10).Toc = [2019; 11; 12; 9; 59; 44];
NAV(10).a0 = -2.660322934389E-6;
NAV(10).a1 = -2.501110429876E-12;
NAV(10).a2 = 0;
NAV(10).aode = 29;
NAV(10).crs = 102.15625;
NAV(10).ave_n = 4.192674641728E-9;
NAV(10).M0 = 0.9716849754252;
NAV(11).satid = 'G25 ';
NAV(11).satprn = 25;
NAV(11).Toc = [2019; 11; 12; 10; 0; 0];
NAV(11).a0 = -1.703575253487E-5;
NAV(11).a1 = -4.547473508865E-13;
NAV(11).a2 = 0;
NAV(11).aode = 38;
NAV(11).crs = 47.40625;
NAV(11).ave_n = 4.748412076137E-9;
NAV(11).M0 = 0.2860432280372;
NAV(12).satid = 'G32 ';
NAV(12).satprn = 32;
NAV(12).Toc = [2019; 11; 12; 10; 0; 0];
NAV(12).a0 = 0.0001224060542881;
NAV(12).a1 = 1.216449163621E-11;
NAV(12).a2 = 0;
NAV(12).aode = 96;
NAV(12).crs = -38.75;
NAV(12).ave_n = 4.610549190737E-9;
NAV(12).M0 = -1.361015277166;
NAV(13).satid = 'G21 ';
NAV(13).satprn = 21;
NAV(13).Toc = [2019; 11; 12; 9; 59; 44];
NAV(13).a0 = -8.736178278923E-5;
NAV(13).a1 = 6.025402399246E-12;
NAV(13).a2 = 0;
NAV(13).aode = 8;
NAV(13).crs = -19.25;
NAV(13).ave_n = 4.787699426899E-9;
NAV(13).M0 = 0.1101601290915;
NAV(14).satid = 'G20 ';
NAV(14).satprn = 20;
NAV(14).Toc = [2019; 11; 12; 10; 0; 0];
NAV(14).a0 = 0.0005274428986013;
NAV(14).a1 = 1.136868377216E-13;
NAV(14).a2 = 0;
NAV(14).aode = 21;
NAV(14).crs = 30.46875;
NAV(14).ave_n = 5.69095133668E-9;
NAV(14).M0 = 1.547906672275;

